  0.000000    359.7476      324.1767       26.9289       24.3718      -89.4568    271.9712      372.7692       17.2570       15.3455      -73.6049    344.0928      469.3093       16.4721       14.9884       88.4368    386.7242      470.5862        6.2790        5.8188      -60.6498    512.5000      450.2963        8.5718        8.0144      -58.0848
  0.033367    359.7093      322.9651       27.0086       24.3365      -88.2997    271.9660      371.5291       16.9916       15.4490      -72.8756    344.2069      467.9852       17.1014       15.1073       83.1411    386.6667      469.5000        6.3456        5.9628      -90.0000    512.4528      449.4340        8.3535        8.0188       54.4624
  0.066733    359.6823      321.6355       26.5323       24.6319       88.5735    271.9657      370.5049       16.7530       15.5104      -75.1721    343.9751      466.7910       16.8810       15.1627       86.4327    386.7242      468.4138        6.2790        5.8188       60.6499    512.4808      448.5962        8.4279        7.8182       59.4309
  0.100100    359.6471      320.6353       26.4678       24.5447      -88.0627    271.9202      369.1596       17.3625       15.6321      -75.6685    344.0000      465.5773       16.2642       15.1583      -90.0000    386.5000      467.2143        6.0000        5.8902       -0.0000    512.4363      447.8182        8.8771        7.8684       83.6694
  0.133467    359.6204      319.4677       26.5528       24.5176       89.3832    271.8122      368.0610       17.4347       15.5478      -76.9259    344.0714      464.4235       16.2427       15.3410       89.8240    386.5172      465.8965        6.2588        5.8924       78.6900    512.4363      446.8182        8.8771        7.8684       83.6694
  0.166834    359.5620      318.3876       26.6047       24.7095       82.4296    271.6620      366.9437       17.3994       15.5833      -71.6695    343.8384      463.2475       16.4275       15.3561       87.6971    386.5000      464.7857        6.0000        5.8902       -0.0000    512.4386      446.1754        8.8597        8.1502       79.6289
  0.200200    359.5328      317.3726       26.6686       24.7555       85.1892    271.4293      365.9764       17.1169       15.7689      -67.6116    343.7264      461.9851       16.8615       15.2021      -88.1282    386.2758      463.5862        6.2790        5.8188       60.6498    512.5000      445.2143        8.8387        8.0356      -90.0000
  0.233567    359.4500      316.1865       26.9995       24.5376      -89.2684    271.4929      364.8815       16.9629       15.8385      -64.7445    343.7680      460.7680       16.1299       15.3166       89.3418    386.3333      462.5000        6.3456        5.9628      -90.0000    512.5000      444.3704        8.3727        8.1740      -90.0000
  0.266934    359.4721      315.0501       26.8843       24.5896       89.9891    271.2794      363.8382       17.1308       15.1672      -83.0021    343.4227      459.5000       16.5486       14.9317      -90.0000    386.2758      461.4138        6.2790        5.8188      -60.6499    512.5472      443.5660        8.3535        8.0188       54.4625
  0.300300    359.4081      313.9157       26.8745       24.7429       86.8661    271.2800      362.5350       16.6890       15.2645      -79.8218    343.4740      458.4375       16.4649       14.8549       84.3590    386.3667      460.3667        6.4910        5.7935      -45.0000    512.5593      442.9661        9.2080        8.0980       84.2025
  0.333667    359.3178      312.6105       26.4925       24.8068       89.9202    271.1188      361.3960       16.7580       15.3584      -80.5932    343.3886      457.1088       16.5686       14.8364       88.1792    386.3750      458.8438        6.9102        5.8403       69.7065    512.5862      441.8965        9.0745        8.0848       76.9758
  0.367034    359.2170      311.5291       26.6531       24.6629      -86.6304    271.1035      360.1823       17.0868       15.1052      -78.9059    343.2462      456.0804       16.9201       14.9745       89.6986    386.0741      457.5926        6.4215        5.2654       77.5084    512.5255      441.0678        9.0274        8.2656      -82.7249
  0.400400    359.2085      310.4807       26.7789       24.6391       88.3087    271.1226      359.0637       17.1859       15.0979      -80.8739    343.1066      454.6396       16.4698       15.2205       80.0993    386.0741      456.5926        6.4215        5.2654       77.5084    512.5000      440.2143        8.8387        8.0356      -90.0000
  0.433767    359.0637      309.2973       26.5055       24.8835       86.0771    271.0676      358.1546       16.9978       15.5097      -87.7856    343.1937      453.5340       16.3707       14.8489       86.8375    386.0741      455.5926        6.4215        5.2654       77.5084    512.5455      439.4364        8.5826        8.1434       67.5584
  0.467134    358.9615      308.3006       26.6684       24.7903       89.3052    270.8841      357.0000       17.2215       15.2941      -84.6692    343.0564      452.2923       16.4630       15.0801       85.8052    386.0000      454.3214        6.5075        5.4511      -90.0000    512.6140      438.7368        9.1068        7.9844       85.6146
  0.500501    358.8528      307.1300       27.0350       24.6476       87.8100    270.8676      355.8873       16.9542       15.3109      -81.5694    343.1399      451.2746       16.4311       14.9584       81.4928    386.0000      453.3214        6.5075        5.4511      -90.0000    512.5614      437.8246        8.8597        8.1502       79.6289
  0.533867    358.6590      305.8555       27.1128       24.3759      -89.2657    270.8522      354.5813       16.6556       15.5132      -74.2854    343.1218      449.8832       16.8544       14.8898      -82.4357    385.9667      452.1000        7.1154        5.3035       85.7749    512.5862      436.8965        9.0745        8.0848       76.9758
  0.567234    358.7218      304.6459       26.5269       24.6887       89.8415    270.6373      353.5196       16.7287       15.5425      -72.7030    343.0254      448.5736       16.3141       15.3631       85.0114    385.7097      450.7097        6.3855        6.1707      -45.0000    512.5593      435.9661        9.2080        8.0980       84.2025
  0.600601    358.6206      303.5272       26.7220       24.5043       88.9822    270.5777      352.3447       16.6186       15.7924      -73.6725    343.0204      447.5204       16.3556       15.2367      -89.7245    385.7097      449.7097        6.3855        6.1707      -45.0000    512.5000      435.1379        8.8341        8.3128      -90.0000
  0.633967    358.5848      302.3957       26.6132       24.5540       86.0478    270.3333      351.3088       17.0938       15.2195      -81.7237    343.0454      446.3485       16.4423       15.3240       85.5688    385.6667      448.5000        6.3456        5.9628      -90.0000    512.6610      434.2881        9.0580        8.2794       77.1886
  0.667334    358.5346      301.3115       26.8571       24.6742       87.1839    270.1408      350.0874       17.0270       15.3980      -82.2793    342.8543      445.2864       16.5393       15.3359       85.0143    385.7242      447.4138        6.2790        5.8188       60.6499    512.6071      433.4821        8.7566        8.1234       54.8619
  0.700701    358.4723      300.1606       27.1607       24.5253       87.7028    270.1667      349.1618       17.0718       15.2008      -79.7741    342.7882      443.9704       16.8853       15.3317      -87.1739    385.6333      446.3667        6.4910        5.7935       45.0000    512.6271      432.8305        9.1775        8.1597       86.2283
  0.734067    358.4500      298.9904       27.0383       24.4973      -89.2224    270.1951      348.0536       17.2018       15.1619      -74.7108    342.8376      442.6802       16.3150       15.3691      -80.3074    385.5807      445.0645        6.6372        5.9272       72.9770    512.5862      431.8965        9.0745        8.0848       76.9758
  0.767434    358.3824      297.8929       26.9435       24.7258       84.4055    270.2000      346.7415       16.8727       15.5008      -75.7919    342.7071      441.5000       16.2742       15.4998      -90.0000    385.5667      444.0000        6.6190        5.8067       70.3233    512.5593      430.9661        9.2080        8.0980       84.2025
  0.800801    358.3896      296.6584       26.6873       24.8733       85.8208    269.9703      345.5990       16.6290       15.4695      -71.6485    342.4740      440.4375       16.4649       14.8549       84.3590    385.5000      442.5000        6.3246        6.3246      -90.0000    512.6833      430.2167        9.2175        8.2714       85.2537
  0.834168    358.2923      295.5712       26.6945       24.8178      -89.7481    269.9453      344.6020       16.5488       15.4640      -72.7772    342.4219      439.1302       16.5675       14.7614      -89.5319    385.4193      441.5484        6.4258        6.0631       59.0362    512.6610      429.2881        9.0580        8.2794       77.1886
  0.867534    358.2422      294.4012       26.5823       24.7231       87.8028    270.0245      343.4510       16.7518       15.5108      -75.1760    342.2600      438.0400       17.0319       14.9562      -88.7515    385.5000      440.5000        6.3246        6.3246      -90.0000    512.6166      428.6500        9.1458        8.3612      -88.8317
  0.900901    358.1149      293.3602       26.6904       24.9087       83.9690    269.8744      342.3237       16.9575       15.5487      -70.9756    342.0863      436.6954       16.3242       15.3582       84.6196    385.4193      439.4516        6.4258        6.0631      -59.0362    512.6833      427.7833        9.2175        8.2714      -85.2537
  0.934268    358.0790      292.2775       26.5364       24.9039       87.8394    269.7548      341.1106       17.2866       15.3327      -72.0976    342.2292      435.5521       16.3683       14.9285       84.1630    385.3030      437.9091        6.8745        6.0792       79.2055    512.5000      427.0000        9.1797        8.2462      -90.0000
  0.967634    357.9470      291.0947       27.1808       24.7420       88.4547    269.5943      339.9009       17.1022       15.8020      -72.6293    342.0718      434.3744       16.4472       15.0917       83.2567    385.3030      436.9091        6.8745        6.0792       79.2055    512.5968      426.1129        9.4441        8.3088       74.7474
  1.001001    357.8958      289.9299       27.2252       24.7017      -88.9284    269.4375      338.9663       17.0167       15.5799      -75.9983    342.1582      433.2653       16.4899       15.1275      -85.8349    385.3667      435.6333        6.4910        5.7935       45.0000    512.6290      425.2581        9.4864        8.3104       79.1945
  1.034368    357.6904      288.8404       27.1249       24.4149      -87.2607    269.2400      337.7450       16.5923       15.3758      -69.9196    342.2189      432.0000       17.0080       15.0525      -90.0000    385.2758      434.5862        6.2790        5.8188       60.6498    512.6984      424.4445        9.8789        8.1034       85.6792
  1.067734    357.6866      287.5725       26.7374       24.6387       86.1940    269.2828      336.6667       16.6297       15.1701      -72.7908    342.0670      430.6804       16.4083       15.0487      -84.7958    385.1429      433.5000        6.5465        5.4210      -90.0000    512.6833      423.7833        9.2175        8.2714      -85.2537
  1.101101    357.6201      286.5388       26.8178       24.5226       88.2107    269.2574      335.5247       16.9057       15.2309      -77.8983    342.0000      429.5773       16.2642       15.1583      -90.0000    385.0000      432.3214        6.5075        5.4511      -90.0000    512.6833      422.7833        9.2175        8.2714      -85.2537
  1.134468    357.5425      285.3147       26.7220       24.6929       84.9428    269.1300      334.3800       16.7618       15.1836      -76.0056    342.0711      428.3807       16.3774       15.3020       89.7719    385.0000      431.3214        6.5075        5.4511      -90.0000    512.5574      422.0492        9.2562        8.3412       80.1680
  1.167835    357.5172      284.2634       27.0869       24.6464       83.6201    269.0995      333.2637       16.8620       15.1600      -77.3522    341.9436      427.2923       16.4630       15.0801      -85.8052    385.0000      430.0000        7.3265        5.2793      -90.0000    512.5968      421.1129        9.4441        8.3088       74.7474
  1.201201    357.4587      283.1113       27.0758       24.5098       89.9549    269.1226      332.0637       17.1859       15.0979      -80.8739    341.8137      426.0000       16.9243       15.3672      -90.0000    385.0000      428.6786        6.5075        5.4511      -90.0000    512.6229      420.1803        9.2487        8.3722       76.7389
  1.234568    357.4302      281.9771       27.0186       24.6576       88.1287    269.1068      331.0777       17.0621       15.3669      -84.1547    341.8756      424.8209       16.6530       15.3748      -86.1475    385.0000      427.6786        6.5075        5.4511      -90.0000    512.6563      419.5000        9.9499        8.1615      -90.0000
  1.267935    357.3864      280.8276       27.2183       24.7135       86.9355    268.9109      330.0247       16.9654       15.1651      -74.0868    341.7186      423.5980       16.3482       15.5048      -83.5121    384.5000      426.5000        6.3246        6.3246      -90.0000    512.6833      418.7833        9.2175        8.2714      -85.2537
  1.301301    357.3436      279.5739       26.6455       24.9105       86.1076    268.8390      328.9366       17.1482       15.2155      -80.1486    341.7513      422.4518       16.3799       15.3262       81.6450    384.7242      425.4138        6.2790        5.8188       60.6499    512.7460      417.9683        9.5961        8.3615       85.0582
  1.334668    357.2741      278.5328       26.6476       24.7631       89.4092    268.8927      327.8000       17.0758       15.2776      -75.4376    341.5450      421.2169       16.4471       14.6454       87.5157    384.7097      424.2903        6.3855        6.1707       45.0000    512.5968      417.1129        9.4441        8.3088       74.7474
  1.368035    357.2640      277.3391       26.7047       24.7567       89.6380    268.6232      326.5121       16.8152       15.6736      -56.7359    341.4235      419.9133       17.0358       14.6474       86.3934    384.5807      423.0645        6.6372        5.9272       72.9770    512.5968      416.1129        9.4441        8.3088       74.7474
  1.401402    357.1469      276.3225       26.7359       24.9630       87.1480    268.5317      325.4683       16.6284       15.7030      -59.6836    341.2708      418.8125       16.2173       15.0863       87.6032    384.5807      421.9355        6.6372        5.9272      -72.9770    512.6984      415.4445        9.8789        8.1034       85.6792
  1.434768    357.1231      275.1364       26.9762       24.9269      -87.1901    268.4880      324.3301       16.8117       15.8330      -73.0015    341.2030      417.5990       16.4276       15.2688       85.0288    384.5807      420.5484        6.4258        6.0631      -59.0362    512.6563      414.5000        9.9499        8.1615      -90.0000
  1.468135    357.0226      274.0566       27.2419       24.7769       89.3616    268.2525      323.1733       17.0325       15.0996      -77.0029    341.3180      416.4718       16.4463       15.0987      -86.5355    384.5000      419.5000        6.3246        6.3246      -90.0000    512.8730      413.8254        9.1455        8.7683       84.3585
  1.501502    356.9415      272.9302       27.1838       24.8331      -88.8799    268.1256      322.1256       17.1406       15.3703      -80.9821    341.1218      415.2487       16.4685       15.2319      -88.2218    384.5000      418.5000        6.3246        6.3246      -90.0000    512.9394      412.9697        9.4141        8.8915       78.2332
  1.534868    356.8359      271.7576       26.7840       24.9236      -89.7846    268.2029      321.0580       17.4283       15.1082      -72.9031    341.2200      413.9500       16.9685       15.0058      -87.3815    384.5807      417.4516        6.4258        6.0631       59.0362    512.8485      412.0606        9.2898        9.0017       63.8183
  1.568235    356.7168      270.5684       26.5550       24.5600       86.5607    268.1905      320.0095       17.5303       15.2612      -74.3017    341.2189      413.0000       17.0080       15.0525      -90.0000    384.5000      416.2143        6.0000        5.8902       -0.0000    512.8970      411.4118        9.7183        8.9095       70.8057
  1.601602    356.7035      269.4477       26.9272       24.4173       89.9242    267.9854      318.7816       17.1142       15.3334      -78.0542    340.9898      411.5918       16.3366       15.2583       82.0477    384.5000      415.0000        6.5320        5.8195      -90.0000    512.9552      410.4478        9.6544        8.8385       80.4444
  1.634968    356.5996      268.3482       26.8608       24.5216       89.5859    268.0000      317.5714       16.7142       15.4671      -68.4436    341.0154      410.5385       16.3689       15.1407      -87.2486    384.3667      413.6333        6.4910        5.7935       45.0000    512.9545      409.8182        9.5334        8.8046       47.5779
  1.668335    356.5333      267.2381       27.2130       24.5751       85.4649    267.9951      316.4802       16.7789       15.3199      -59.1021    341.0000      409.3795       16.3999       15.1194      -90.0000    384.2758      412.5862        6.2790        5.8188       60.6498    513.0000      408.8769        9.3020        8.8683       44.1190
  1.701702    356.5410      266.1257       27.2776       24.5159       85.9791    268.0000      315.4049       16.9024       15.4464      -67.6810    341.0353      408.3333       16.5104       15.2644       86.9929    384.3333      411.5000        6.3456        5.9628      -90.0000    512.9412      408.0294        9.4059        9.1485       63.4353
  1.735069    356.4277      265.0000       27.0497       24.4373      -90.0000    267.9131      314.1449       16.9275       15.5863      -69.4562    340.7426      407.0000       16.9659       15.1732      -90.0000    384.3333      410.5000        6.3456        5.9628      -90.0000    512.9105      407.0298        9.2204        9.2126       71.5620
  1.768435    356.4081      263.8946       27.1462       24.4914      -89.3394    267.7703      312.9617       17.1077       15.5674      -61.9513    340.9142      405.5909       16.4151       15.3475      -78.5047    384.2000      409.3333        6.3175        6.0502       80.5876    512.8939      406.4243        9.6776        8.6975       86.9325
  1.801802    356.3692      262.6596       26.7262       24.7892       84.3209    267.5829      311.8863       17.0483       15.7605      -67.2075    340.8673      404.6837       16.2703       15.3439       87.9579    384.3333      408.2000        6.3175        6.0502        9.4124    512.9286      405.5428       10.1439        8.7874       70.2628
  1.835169    356.3652      261.5296       26.7316       24.9253       88.7440    267.4976      310.9526       17.2085       15.6188      -68.3457    340.8657      403.4677       16.2218       15.7736       79.7212    384.2647      407.0000        7.0627        6.0825      -90.0000    513.0000      404.8769        9.3020        8.8683       44.1190
  1.868535    356.2946      260.4089       26.5345       24.7689      -86.6747    267.4976      309.9242       17.1427       15.6892      -71.3084    340.8400      402.2800       16.3968       15.5346       88.1740    384.0000      405.6786        6.5075        5.4511      -90.0000    512.9394      403.9697        9.4141        8.8915       78.2332
  1.901902    356.2294      259.2887       26.7120       24.9355       87.8898    267.3382      308.7843       17.0968       15.2092      -82.7666    340.7871      400.9208       16.8365       15.2959       89.5788    384.0000      404.6786        6.5075        5.4511      -90.0000    512.9412      402.9706        9.4059        9.1485      -63.4352
  1.935269    356.2053      258.1445       26.9920       24.8121      -84.9642    267.5000      307.5000       16.6470       15.7432      -63.9975    340.7157      400.0539       16.7992       15.4861       86.6929    384.0741      403.5926        6.4215        5.2654       77.5084    512.9420      402.3044        9.7438        9.0466      -83.0531
  1.968635    356.0526      257.0244       27.2936       24.8265      -89.2939    267.1642      306.3980       16.7290       15.2929      -77.3839    340.6447      398.5990       16.3971       15.3048      -85.1290    384.0000      402.3214        6.5075        5.4511      -90.0000    512.9403      401.5224        9.8623        8.6481       72.4266
  2.002002    356.0152      255.9677       27.0939       24.7741       87.7097    267.1493      305.2040       16.7774       15.2408      -75.3620    340.3096      397.5127       16.4504       15.2552      -87.7534    384.0000      401.3214        6.5075        5.4511      -90.0000    512.9286      400.5428       10.1439        8.7874       70.2628
  2.035369    355.8442      254.8250       26.7383       24.7797       84.1266    267.1330      304.1035       17.0959       15.1031      -79.0530    340.2487      396.4670       16.3649       15.3323      -85.5917    384.0000      400.0000        7.3265        5.2793      -90.0000    512.8806      400.0000        9.3745        9.0510      -90.0000
  2.068736    355.6686      253.5302       26.7307       24.4505       83.3701    267.1414      303.1707       17.0627       15.2859      -86.2585    340.1759      395.1306       16.4671       15.3978       89.8070    383.6970      399.0909        6.8745        6.0793       79.2055    512.8806      399.0000        9.3745        9.0510      -90.0000
  2.102102    355.6777      252.4621       26.9294       24.3664       88.2020    266.8829      302.0341       16.9420       15.4095      -73.9063    340.1724      393.9458       17.0962       15.1214       87.2348    383.8000      397.6667        6.3175        6.0502       80.5876    512.9143      398.2429        9.8781        9.0390       88.7975
  2.135469    355.5058      251.4086       26.8313       24.4174       85.2527    266.8213      300.8599       17.0259       15.4769      -74.3507    340.1590      392.6923       16.3625       15.1645       85.0540    383.6667      396.5000        6.3456        5.9628      -90.0000    513.0000      397.4305        9.8619        9.2856      -90.0000
  2.168836    355.4914      250.2639       27.1716       24.5254       83.2731    266.7136      299.6650       16.7227       15.6801      -53.1307    340.0254      391.6091       16.3467       15.3251       78.0111    383.6667      395.5000        6.3456        5.9628      -90.0000    512.8406      396.5362        9.9402        8.8308       71.6002
  2.202202    355.4962      249.0460       27.1066       24.5315       86.0107    266.5619      298.5905       16.7493       15.9723      -59.2354    340.0000      390.5000       16.4652       15.1294      -90.0000    383.5807      394.4516        6.4258        6.0631       59.0362    512.8767      395.6986       10.3410        8.9731       76.5398
  2.235569    355.4472      247.9520       27.1764       24.4207      -88.4422    266.4572      297.4333       16.8861       15.8354      -59.6943    340.0000      389.3147       16.5158       15.1768      -90.0000    383.6333      393.3667        6.4910        5.7935       45.0000    512.8383      394.9412        9.5466        9.0444       72.5485
  2.268936    355.4129      246.7898       27.1459       24.7765       87.1469    266.4878      296.3512       16.7794       15.5613      -63.1993    339.8960      388.1881       16.7410       15.3619       84.3303    383.5000      392.0000        6.5320        5.8195      -90.0000    512.9412      393.9706        9.4059        9.1485      -63.4352
  2.302302    355.3951      245.5305       26.6712       25.0318       89.3770    266.4163      295.1196       16.9884       15.6637      -62.3238    339.8317      386.7723       16.9416       15.1930      -89.3746    383.5000      391.0000        6.5320        5.8195      -90.0000    512.9726      393.3699       10.0210        9.2549       82.4818
  2.335669    355.3673      244.4481       26.5936       24.9040      -89.9274    266.1707      294.0536       17.1583       15.2030      -77.2212    339.8010      385.6939       16.3234       15.2872      -83.9671    383.3667      389.6333        6.4910        5.7935       45.0000    512.8767      392.5205       10.0986        9.1839       66.2307
  2.369036    355.2077      243.3212       26.7346       24.7697       87.2379    266.1951      293.1317       17.1477       15.2154      -77.4238    339.8657      384.5323       16.2218       15.7736      -79.7213    383.3667      388.6333        6.4910        5.7935       45.0000    512.8493      391.7260       10.2121        9.0787       72.2339
  2.402403    355.1818      242.2121       26.9074       24.9912       89.7968    266.1594      291.9952       17.4000       15.1406      -72.7162    339.7513      383.3085       16.4904       15.5311      -84.6877    383.3333      387.5000        6.3456        5.9628      -90.0000    512.8428      390.9286        9.8199        9.0464       51.0448
  2.435769    355.0772      241.1017       27.0476       25.0043      -88.4545    265.9804      290.6078       16.8370       15.4314      -67.6251    339.7822      382.2475       16.4514       15.6422       84.2130    383.4193      386.4516        6.4258        6.0631      -59.0362    512.8108      390.1892       10.2996        9.1602       76.8930
  2.469136    354.9342      239.9774       27.3787       24.7601      -88.2346    265.9606      289.6207       16.7100       15.4660      -67.7409    339.5616      380.9606       16.6862       15.4973       87.5784    383.1035      385.3103        6.4013        5.7835      -86.0783    512.7672      389.3425       10.0188        9.2870       81.1291
  2.502503    354.7448      238.8705       27.1916       24.6069      -84.2706    265.9951      288.4781       16.8252       15.5173      -71.9699    339.3134      380.0796       16.9112       15.1391       89.7603    383.0000      384.3214        6.5075        5.4511      -90.0000    512.6901      388.5211       10.0942        8.9411       86.1857
  2.535869    354.6898      237.7110       26.8631       24.6426      -83.6699    265.6779      287.5192       16.7259       15.8418      -63.8139    339.1357      378.6382       16.4126       15.4346      -88.1898    383.0000      383.0000        7.3265        5.2793      -90.0000    512.7500      387.6945       10.2437        8.9265       71.9348
  2.569236    354.5039      236.4980       26.7490       24.3950      -84.5916    265.5762      286.3381       16.8683       15.8510      -55.8632    339.3469      377.5000       16.4751       15.1520      -90.0000    383.0000      381.7931        6.8384        5.3563      -90.0000    512.7747      386.7606       10.0344        8.9885       72.6201
  2.602603    354.4546      235.3540       26.7333       24.6311      -83.9750    265.5047      285.2056       17.2622       15.7999      -68.5354    339.1709      376.3065       16.5688       15.2963       86.2886    383.0000      380.6786        6.5075        5.4511      -90.0000    512.6184      386.2632       10.3902        9.3345      -88.6276
  2.635969    354.4299      234.3052       26.7499       24.8102      -87.1740    265.5349      283.9721       17.5679       15.5760      -63.1161    339.1218      375.2487       16.4685       15.2319      -88.2218    382.8571      379.5000        6.5465        5.4210      -90.0000    512.4583      385.2083       10.4175        8.8367       86.5931
  2.669336    354.4506      233.2015       27.1237       24.7050       88.9676    265.3767      283.0558       17.2880       15.8309      -65.1170    339.2189      374.0000       17.0080       15.0525      -90.0000    382.9259      378.4074        6.4215        5.2654       77.5084    512.6000      384.3867       10.2738        9.3183       71.3404
  2.702703    354.4373      232.1160       27.2059       24.6259       89.1876    265.3679      282.0142       17.3310       15.5658      -62.2431    339.0742      372.8515       16.9018       15.2051       84.1929    382.6333      377.3667        6.4910        5.7935       45.0000    512.3151      383.4795       10.3135        9.0134       73.6468
  2.736070    354.3081      230.8752       27.2995       24.6812       88.1992    265.3913      280.6908       16.7847       15.7092      -58.9035    339.0256      371.6103       16.3317       15.1804       85.8454    382.7242      376.4138        6.2790        5.8188       60.6499    512.5143      382.7286       10.3868        8.5967       83.0840
  2.769436    354.3371      229.7822       27.2191       24.7037       84.0039    265.1683      279.6485       16.7450       15.3696      -72.2321    339.0000      370.5000       16.4652       15.1294      -90.0000    382.5807      375.0645        6.6372        5.9272       72.9770    512.3151      381.8630       10.1136        9.2183      -88.6576
  2.802803    354.3352      228.6264       26.8105       24.8036       82.5519    265.0000      278.4608       16.9606       15.3163      -66.8019    339.0000      369.3795       16.3999       15.1194      -90.0000    382.6250      374.0313        6.8186        5.9784      -88.3339    512.3151      381.1370       10.1136        9.2183       88.6576
  2.836170    354.2481      227.4122       26.7977       24.9019       88.1528    265.0193      277.3623       17.1524       15.3678      -68.7686    338.9700      368.2900       16.5541       15.3766       79.9520    382.6333      372.6333        6.4910        5.7935      -45.0000    512.1918      380.3288       10.1745        9.1156       72.7462
  2.869536    354.1603      226.3073       26.6564       25.0344       87.0068    265.0143      276.2048       17.4273       15.3560      -73.9644    338.8213      366.9614       17.4164       15.1303      -88.4857    382.5807      371.5484        6.4258        6.0631      -59.0362    512.2055      379.4521       10.1235        9.1551       82.3628
  2.902903    354.1805      225.1635       27.1769       24.9351       87.9139    264.9858      275.1462       17.2261       15.6847      -72.4178    338.8150      365.8600       16.8063       15.1620      -88.3265    382.5000      370.5000        6.3246        6.3246      -90.0000    512.1948      378.5714       10.5003        9.3457       69.3239
  2.936270    354.0768      224.0019       27.2984       24.9114       88.7058    264.7990      274.0143       17.1483       15.5174      -79.7019    338.9045      364.6734       16.3235       15.5124      -77.8252    382.5807      369.4516        6.4258        6.0631       59.0362    512.2568      377.8919       10.1121        9.3500      -80.6951
  2.969636    353.9925      223.0019       27.2488       25.0523       89.2256    264.6303      272.9384       16.9658       15.8369      -63.1452    338.8571      363.4630       16.3721       15.7880      -84.2956    382.5517      368.3103        6.2588        5.8665       55.3048    512.2568      377.1622       10.0875        9.3641      -84.6145
  3.003003    353.9333      221.7685       27.4032       25.0957      -89.8832    264.6140      271.9581       17.2164       15.8988      -68.5617    338.7871      362.3218       16.4608       15.6321      -87.2378    382.5000      367.0000        6.5320        5.8195      -90.0000    512.2632      376.2368       10.4565        9.2806       83.0383
  3.036370    353.9225      220.4612       26.7624       25.1718      -86.4013    264.6442      270.6683       16.5434       16.0045      -49.5973    338.7415      360.9756       16.8387       15.5229       89.9257    382.4193      365.9355        6.6372        5.9272       72.9770    512.1757      375.3378       10.4093        9.0181       71.5031
  3.069737    353.8679      219.4302       26.8364       25.1512       89.2672    264.5288      269.4279       16.8630       15.7041      -64.9766    338.7415      360.0732       16.8570       15.5005      -82.7796    382.3667      364.6333        6.4910        5.7935       45.0000    512.1039      374.5454       10.2544        9.5641       77.7639
  3.103103    353.6179      218.3099       27.1760       24.6622       86.4024    264.5646      268.4402       16.8244       15.8157      -64.1120    338.7086      358.7086       16.3664       15.4860      -83.5549    382.4193      363.5484        6.4258        6.0631       59.0362    512.1140      373.6582       10.5066        9.5753       79.1474
  3.136470    353.5541      217.1689       27.1757       24.7002       86.8145    264.4673      267.3131       16.9148       16.1130      -71.7559    338.3469      357.5000       16.4751       15.1520      -90.0000    382.3333      362.5000        6.3456        5.9628      -90.0000    512.1605      372.9506       11.1674        9.2308       77.3787
  3.169837    353.5782      216.0847       27.3811       24.7060       89.5046    264.4019      266.1402       17.0498       15.9888      -72.1103    338.2727      356.5000       16.4225       15.3591      -90.0000    382.3333      361.5000        6.3456        5.9628      -90.0000    512.2468      371.9091       10.6702        9.1935       83.9780
  3.203203    353.4710      214.9103       27.4037       24.8719       86.7094    264.3679      265.0378       17.2546       15.6379      -63.8246    338.1542      355.2836       16.6277       15.3960      -88.2887    382.2000      360.3333        6.3175        6.0502       80.5876    512.0789      371.4737       10.3105        9.3529      -89.4605
  3.236570    353.4259      213.8018       27.4242       25.0905       87.6067    264.3565      263.9630       17.4084       15.8091      -60.5358    338.1343      354.0696       16.8212       15.2140      -85.7428    382.1818      359.0303        7.1419        5.8539       85.3019    512.1334      370.4400       10.3217        9.2116       84.5558
  3.269937    353.3457      212.7193       27.5463       24.8748       89.9123    264.1376      262.8991       17.2426       16.0980      -69.2919    338.1337      353.0396       16.8593       15.2616       87.9705    382.3030      357.9091        6.8745        6.0792       79.2055    512.1429      369.5584       10.5955        9.2317       84.3013
  3.303303    353.4257      211.5651       27.5862       24.8386      -89.5221    263.9484      261.8732       17.3490       15.6369      -71.2928    338.1566      351.8182       16.7341       15.0587       86.8964    382.0000      357.0000        7.3265        5.2793      -90.0000    512.1974      368.7237       10.3955        9.3124       75.7796