  0.000000    180.5641      338.9231        7.6367        6.4754      -79.2700    222.2122      494.0328       25.2503       23.0399      -88.4171    338.8000      410.4856       36.4395       33.9137       89.2489    439.5000      451.0000        4.8990        4.0000      -90.0000    532.0965      441.1228       12.9835       11.1585       81.5459    554.2000      496.8333        7.0042        5.4151       77.1907
  0.033367    180.2683      338.0976        7.5626        6.8745      -63.8412    222.2013      493.0087       25.2631       23.2923      -89.0708    338.7066      409.2252       36.4186       33.8533       87.6124    439.5000      450.0000        4.8990        4.0000      -90.0000    532.1478      440.3652       12.9876       11.2692       76.7606    554.1786      495.8929        7.0496        5.0037       85.2844
  0.066733    180.2683      337.0976        7.5626        6.8745      -63.8412    222.1106      491.9002       25.2814       23.2249      -89.8822    338.7304      408.1219       36.4077       33.8636       89.1374    439.5000      449.0000        4.8990        4.0000      -90.0000    532.2456      439.8070       13.1488       11.0313       83.9230    554.4243      495.7576        6.9903        5.9630       80.6625
  0.100100    180.1861      336.2325        7.9193        6.8915      -62.2425    221.8556      490.9181       25.2461       23.4202       89.0546    338.7149      407.0271       36.3049       33.7147       89.8085    439.3750      447.7500        4.8372        4.1655       75.1276    532.1392      439.0956       12.9596       11.2802       83.9894    554.2903      495.1935        6.8920        5.7111      -78.2660
  0.133467    180.1778      335.4000        8.2817        6.8632      -71.4765    221.7413      489.9500       25.1227       23.3242       88.5343    338.5671      405.8595       36.4675       33.8062       88.6062    439.4118      446.8824        5.1819        4.0412       74.8284    532.1478      438.3652       12.9876       11.2692       76.7606    554.3438      494.7188        7.0181        5.7957       87.9979
  0.166834    180.0444      334.4222        8.0893        7.0263      -81.1835    221.3930      488.8319       25.5420       22.8398       88.4336    338.4690      404.7707       36.4430       33.8286       88.8444    439.4000      445.6000        4.6188        4.0266       45.0000    532.2411      437.6964       12.8396       11.0981       83.0203    554.2414      494.1035        6.7588        5.5187      -86.4109
  0.200200    179.9535      333.3023        8.0144        6.8024      -70.1785    221.3553      487.8684       25.5129       22.7633       87.9792    338.4246      403.6818       36.5518       33.7316      -89.7839    439.4000      444.6000        4.6188        4.0266       45.0000    532.2632      437.0789       13.0750       11.1030       76.7800    554.3333      493.5000        6.3456        5.9628      -90.0000
  0.233567    179.9556      332.3111        8.3915        6.7858      -58.7893    221.2261      486.8239       25.3388       23.1292      -89.4103    338.3388      402.4789       36.6984       33.7126      -88.2450    439.5000      443.5000        4.4721        4.4721      -90.0000    532.2193      436.4386       12.6666       11.4642       80.9728    554.2222      492.5555        6.5811        5.2350      -82.8093
  0.266934    179.5952      331.6429        8.4059        6.3029      -81.3510    221.0263      485.7654       25.0833       23.1533      -85.3328    338.2226      401.3569       36.5756       33.9623       87.7864    439.4000      442.4000        4.6188        4.0266      -45.0000    532.3913      435.7043       12.7051       11.5277       78.4265    554.5806      492.4516        6.4258        6.0631       59.0362
  0.300300    179.5952      330.6429        8.4059        6.3029      -81.3510    220.9455      484.8105       25.1186       23.2773       88.4918    338.1490      400.1942       36.6662       33.8053       86.0252    439.4000      441.4000        4.6188        4.0266      -45.0000    532.5917      435.0083       13.0547       11.6950       64.3783    554.7778      491.5555        6.5811        5.2350       82.8093
  0.333667    179.5952      329.6429        8.4059        6.3029      -81.3510    220.7939      483.7701       25.3084       23.2076       86.4565    338.0488      399.0415       36.2480       33.8773       89.3018    439.2941      440.1176        5.1335        4.2614       80.5377    532.5246      434.2705       12.8665       12.0883       78.1798    554.8461      491.3462        6.3715        5.1620       86.4917
  0.367034    179.4318      328.6818        8.3319        6.7537      -73.3701    220.4923      482.7152       25.3750       22.7452       88.6642    337.9678      397.9605       36.1329       33.9487      -89.3393    439.4118      439.1176        5.1819        4.0412      -74.8284    532.4786      433.6581       12.6471       11.7751       84.7663    554.7778      490.5555        6.5811        5.2350       82.8093
  0.400400    179.2667      327.8222        8.1978        7.0140      -69.1185    220.3789      481.7071       25.2701       22.8916      -85.7787    337.8485      396.8766       36.3681       33.7610      -88.8500    439.3333      438.0000        5.3333        4.2164      -90.0000    532.5750      432.9833       13.1067       11.6556       68.4278    554.8214      490.1071        7.0496        5.0037       85.2844
  0.433767    179.1250      326.7292        8.4250        7.2523      -75.4927    220.2031      480.6556       25.1768       22.9199      -89.6025    337.8156      395.7621       36.6453       33.7445       87.0103    439.3333      437.0000        5.3333        4.2164      -90.0000    532.5000      432.5000       12.4125       11.8671      -90.0000    554.8571      489.5000        6.5465        5.4210      -90.0000
  0.467134    179.0638      325.7872        8.3018        7.1988      -83.8356    220.0719      479.6296       25.1400       23.2509      -87.2478    337.7264      394.5648       36.5792       33.6055       89.4715    439.3333      436.0000        5.3333        4.2164      -90.0000    532.6667      431.7398       13.0524       11.9801       77.2768    554.9259      489.4074        6.4215        5.2654       77.5084
  0.500501    179.0682      325.0454        7.6277        7.3039      -56.3099    219.9519      478.4179       24.9268       23.3395      -89.9527    337.6556      393.4902       36.5425       33.7084       88.3505    439.0000      435.0000        5.0897        5.0897      -90.0000    532.4833      430.9333       13.1040       11.6595       68.3885    554.8571      488.5000        6.5465        5.4210      -90.0000
  0.533867    178.9778      324.1778        8.1785        6.9903      -70.6858    219.7973      477.4677       24.7918       23.0767       88.1942    337.5535      392.3582       36.4373       33.6584       87.8670    439.0000      434.0000        5.0897        5.0897      -90.0000    532.6106      430.4071       12.3878       11.6001       72.1631    554.9667      488.1000        7.1154        5.3035       85.7749
  0.567234    178.8445      323.2889        8.2431        6.9551      -70.9590    219.4966      476.4315       24.7294       22.9272       88.6167    337.5374      391.3091       36.4335       33.7010      -89.7761    439.0000      433.0000        5.0897        5.0897      -90.0000    532.5772      429.7805       13.0458       11.9877       76.3849    554.6667      487.5000        6.3456        5.9628      -90.0000
  0.600601    178.8696      322.3696        8.3722        6.9886      -77.6338    219.4270      475.4225       24.5839       23.0607       88.0474    337.4543      390.1346       36.6355       33.8253       87.4104    439.1000      431.9500        5.2154        4.7958       63.4349    532.5854      428.9350       13.1789       11.8754       70.5930    554.9667      486.9000        7.1154        5.3035      -85.7749
  0.633967    178.8367      321.4286        8.4952        7.3106      -82.3438    219.2876      474.3011       24.8310       22.8190       86.6736    337.3567      388.8938       36.6148       33.7433      -89.7321    439.0000      431.0000        5.0897        5.0897      -90.0000    532.6552      428.3190       12.7336       11.6017       73.3711    554.9259      486.4074        6.4215        5.2654       77.5084
  0.667334    178.5490      320.4314        8.5060        7.6084      -62.0748    219.1711      473.2911       24.8060       23.0943       79.3029    337.3740      387.7686       36.3881       33.8893       88.9764    439.0000      430.0000        5.0897        5.0897      -90.0000    532.5323      427.7581       13.0812       12.0507       70.9333    555.0000      486.0000        7.3265        5.2793      -90.0000
  0.700701    178.4286      319.5306        8.2225        7.5625      -80.5971    218.9956      472.2927       24.6853       23.2575       86.5296    337.3437      386.6823       36.3167       33.7817       89.5812    438.5000      428.7778        5.2587        4.2687      -90.0000    532.6694      426.9917       13.0666       11.7864       79.3587    555.0690      485.4138        6.7285        5.5006       78.8297
  0.734067    178.2766      318.5319        8.3768        7.1215      -85.0479    218.8359      471.3481       24.8467       23.1147      -82.9242    337.2025      385.5816       36.3452       33.9360       88.9426    438.5000      427.5000        6.0000        4.0988      -90.0000    532.7241      426.5172       12.7601       11.5651       60.3804    555.0000      484.6786        6.5075        5.4511      -90.0000
  0.767434    178.1633      317.6531        8.6552        7.1913      -72.6483    218.5338      470.2883       24.8727       22.7418      -87.7118    337.1290      384.3870       36.3080       34.0001       83.9817    438.5000      426.2222        5.2587        4.2687      -90.0000    532.6447      425.8099       12.9522       11.8818       77.0746    554.9667      484.4000        6.6701        5.7849       70.8721
  0.800801    178.1633      316.6531        8.6552        7.1913      -72.6483    218.4955      469.2578       24.9062       22.8133      -89.7328    337.0382      383.2841       36.5958       33.6977       88.3744    438.5263      425.3684        5.6953        4.1690       85.7680    532.7603      425.0331       13.0976       11.7528       78.8477    555.0000      483.6786        6.5075        5.4511      -90.0000
  0.834168    178.1633      315.6531        8.6552        7.1913      -72.6483    218.3527      468.2098       25.0366       22.7904       88.9550    336.9576      382.1222       36.5288       33.6843      -89.9573    438.8095      424.1429        5.3166        4.9922      -69.6993    532.7692      424.4957       12.7066       11.7138       59.5971    555.0690      483.4138        6.7285        5.5006       78.8297
  0.867534    178.0408      314.6735        8.4714        7.3383      -82.2322    218.2455      467.1786       24.8625       22.9430       84.9031    336.8984      381.0529       36.4095       33.7611       87.2806    438.5789      423.1053        5.5447        4.2957      -77.1795    532.8983      423.8305       13.2276       11.3436       81.3142    555.1429      482.5000        6.5465        5.4210      -90.0000
  0.900901    178.0000      314.0000        8.9618        7.1729      -90.0000    218.1489      466.1867       24.8131       23.0902       82.0878    336.8807      380.0384       36.4115       33.7247       87.7347    438.5789      422.1053        5.5447        4.2957      -77.1795    532.9244      423.1176       13.1799       11.4831       81.0061    555.2353      482.1176        7.3601        5.8424       78.8788
  0.934268    177.9216      312.9804        8.8762        7.2929      -80.6519    217.9777      465.0958       24.9694       22.9080       87.4946    336.8214      378.8450       36.8033       33.7042       85.3710    438.5789      421.1053        5.5447        4.2957      -77.1795    532.9052      422.4655       12.6999       11.6352       72.7779    555.5000      481.5000        6.3246        6.3246      -90.0000
  0.967634    177.8775      312.0204        8.7782        7.0972      -72.9764    217.8040      464.0220       25.0903       23.0568       85.7990    336.6767      377.6684       36.5417       33.6393       89.4238    438.5000      420.0000        5.6569        4.4721      -90.0000    533.0085      421.8291       13.0780       11.3673       83.3505    555.4243      481.3333        7.0232        5.9761       83.1319
  1.001001    177.8775      311.0204        8.7782        7.0972      -72.9764    217.5762      463.0000       25.1283       22.6225       86.6943    336.6352      376.4901       36.4430       33.7349       87.0982    438.5000      419.0000        5.6569        4.4721      -90.0000    532.9745      421.1187       13.2305       11.3274       82.0255    555.4194      480.5484        6.4258        6.0631       59.0362
  1.034368    177.7255      310.0392        8.7336        7.4507      -63.4655    217.4228      461.9463       25.1398       22.6409      -89.9682    336.5796      375.2872       36.2601       33.7545       87.2004    438.5000      418.0000        5.6569        4.4721      -90.0000    533.0255      420.3983       13.0033       11.5638       78.2968    555.5000      480.1875        6.9597        5.8310      -90.0000
  1.067734    177.6111      309.0741        9.1716        7.4762      -64.0855    217.4385      461.0000       25.1407       22.6417      -90.0000    336.5676      374.2921       36.2594       33.7904       85.9504    438.5000      417.0000        5.6569        4.4721      -90.0000    533.0255      419.8813       13.2305       11.3274       82.0256    555.6667      479.5000        6.3456        5.9628      -90.0000
  1.101101    177.5472      308.1132        9.0797        7.4402      -68.7700    217.3186      459.9978       24.9975       23.0340      -88.5654    336.4433      373.1021       36.4819       33.8727       88.5727    438.5714      415.6190        6.2582        4.1580       82.7975    533.0593      419.0678       13.2350       11.3269       82.1911    555.6250      479.1563        6.9102        5.8403       69.7065
  1.134468    177.4815      307.0926        8.9964        7.6374      -68.0950    217.1305      458.7987       25.0277       22.9987      -85.2722    336.3732      371.9319       36.5631       33.7929      -89.3096    438.5714      414.6190        6.2582        4.1580       82.7975    533.1035      418.3879       12.9428       11.4096       78.3941    555.5000      478.5000        6.3246        6.3246      -90.0000
  1.167835    177.4808      306.4038        8.4279        7.8182      -59.4309    216.9427      457.8612       25.1059       23.0348      -89.1369    336.4212      370.8218       36.5646       33.8267       89.0501    438.5714      413.6190        6.2582        4.1580       82.7975    533.2358      417.8862       13.2328       11.8332       79.0496    555.9375      477.9063        7.5275        5.3510       84.0162
  1.201201    177.4364      305.5454        8.8108        7.8959      -48.3387    216.8392      456.8546       25.0986       23.0450       83.6706    336.3794      369.7216       36.5212       33.8359       89.4776    438.5714      412.6190        6.2582        4.1580       82.7975    533.3115      417.1639       13.0015       11.9340       71.6077    555.8571      477.5000        6.5465        5.4210      -90.0000
  1.234568    177.3704      304.5185        8.8698        7.7086      -52.5330    216.6104      455.8063       25.1595       22.4862       88.5000    336.2400      368.5427       36.4678       33.9290       88.1681    438.5000      411.5000        6.0000        4.0988      -90.0000    533.3790      416.2823       13.0842       12.0512       71.7909    555.9375      476.9063        7.5275        5.3510       84.0162
  1.267935    177.1000      303.6200        8.5771        7.3840      -74.7526    216.5344      454.7516       25.3223       22.6978       89.5347    336.1161      367.3886       36.6320       33.5646       87.8562    438.5000      410.2727        6.4025        4.3064      -90.0000    533.3549      415.9758       13.1927       11.9486       75.1460    555.9310      476.4138        6.7285        5.5006      -78.8297
  1.301301    177.0588      302.5490        8.6698        7.4699      -82.8274    216.3857      453.6592       24.9501       22.7787       85.4467    336.0683      366.2267       36.4838       33.7364       87.7593    438.5000      409.2727        6.4025        4.3064      -90.0000    533.4426      415.2131       13.0891       11.8471       65.7299    555.9375      475.9063        7.5275        5.3510       84.0162
  1.334668    177.1000      301.6200        8.5771        7.3840      -74.7526    216.2889      452.6388       24.9847       22.5888      -88.8419    335.9122      365.0094       36.2758       33.6020       89.5755    438.5000      408.2727        6.4025        4.3064      -90.0000    533.4228      414.2195       13.0458       11.9877       76.3850    555.9375      475.0938        7.5275        5.3510      -84.0162
  1.368035    176.9245      300.5094        8.6061        7.8400      -87.3019    216.2148      451.4608       24.6562       23.0913      -88.8128    335.8881      363.8954       35.9747       33.8471       86.7864    438.5000      407.0000        5.6569        4.4721      -90.0000    533.4355      413.9677       13.2706       11.8894       67.6431    556.0000      475.0000        7.3265        5.2793      -90.0000
  1.401402    176.6667      299.6316        8.9371        8.1286      -51.2245    216.0222      450.5211       24.6741       23.2656      -86.7052    335.8792      362.9333       36.1957       33.7842       88.6286    438.3810      406.0000        5.5205        4.8562      -90.0000    533.4099      413.1393       13.1261       11.8150       74.8145    556.0625      474.0938        7.5275        5.3510       84.0162
  1.434768    176.6071      298.5179        8.7566        8.1234      -54.8619    215.7708      449.4719       24.5443       23.0888      -89.9149    335.8369      361.7585       36.5858       33.7385       89.1312    438.1739      405.0000        5.4053        5.3604      -90.0000    533.4480      412.6000       13.5993       11.7252       73.2359    556.0667      473.7000        7.0459        5.4201      -81.7442
  1.468135    176.5614      297.9649        9.2449        7.8134      -85.4512    215.5923      448.4624       24.7323       22.6146       88.4628    335.7394      360.5967       36.6419       33.6233       88.9433    438.1739      404.0000        5.4053        5.3604      -90.0000    533.6049      411.8790       13.1256       12.0196       82.1748    556.0625      473.0938        7.5275        5.3510       84.0162
  1.501502    176.5000      296.8571        8.9216        7.9691      -75.0915    215.4412      447.4095       24.6393       22.8462      -89.6138    335.6556      359.5010       36.5385       33.6077      -89.5853    438.1739      403.0000        5.4053        5.3604      -90.0000    533.4099      411.1393       13.1261       11.8150       74.8145    556.4243      472.5757        6.6832        6.2280      -45.0000
  1.534868    176.5000      296.0000        9.0565        7.8364      -66.9383    215.4199      446.4312       24.5507       22.9823      -88.3282    335.6056      358.3923       36.5372       33.6807       87.8999    438.1739      402.0000        5.4053        5.3604      -90.0000    533.5714      410.7778       13.4075       11.9524       67.1459    556.3530      472.1765        7.0284        6.1255       87.9952
  1.568235    176.5000      295.0000        9.0565        7.8364      -66.9383    215.2925      445.4127       24.6347       22.7962       85.6264    335.5322      357.2776       36.3199       33.7356       89.8058    438.1739      401.0000        5.4053        5.3604      -90.0000    533.4800      409.9520       13.1201       12.1014       85.7370    556.4194      471.5484        6.4258        6.0631       59.0362
  1.601602    176.3158      294.0526        9.0735        7.9976      -68.9345    215.1311      444.4067       24.5626       23.3295       85.6013    335.4891      356.1173       36.3469       33.7464      -88.9329    438.1739      400.0000        5.4053        5.3604      -90.0000    533.3771      409.2377       13.0961       11.8406       75.1705    556.3530      471.1765        7.0284        6.1255       87.9952
  1.634968    176.2456      293.1930        9.0715        8.0048      -66.5359    214.9378      443.3622       24.5359       23.3517      -88.1718    335.3618      354.7973       36.1894       33.8542       89.6414    438.1739      399.0000        5.4053        5.3604      -90.0000    533.5968      408.7903       13.2992       11.8575       70.2193    556.5000      470.5000        6.3246        6.3246      -90.0000
  1.668335    176.2456      292.1930        9.0715        8.0048      -66.5359    214.7663      442.3888       24.6662       22.9788      -89.7548    335.2521      353.7040       36.1957       33.6463       89.4596    438.2000      397.7600        6.1321        5.1726      -83.8676    533.5433      407.9764       13.2324       12.1959       86.2564    556.3143      470.0857        7.2662        6.0772       81.5284
  1.701702    176.0000      291.2545        9.3798        7.4346      -90.0000    214.5295      441.3773       24.6781       22.7086      -89.2654    335.1829      352.6729       36.2193       33.6606      -88.9724    438.0000      396.5000        6.2017        5.2035      -90.0000    533.3771      407.2377       13.0961       11.8406       75.1705    556.5000      469.5000        6.3246        6.3246      -90.0000
  1.735069    176.0000      290.5000        8.6824        7.6057      -90.0000    214.4482      440.4437       24.5856       23.0110      -89.9643    335.0311      351.6863       36.3818       33.8279      -87.0597    438.0000      395.5000        6.2017        5.2035      -90.0000    533.5772      406.7398       13.1338       11.9054       70.4794    556.5294      469.1471        7.2819        5.9033       75.5172
  1.768435    175.6667      289.5614        8.6796        8.3488      -55.7705    214.3145      439.3778       24.6254       22.8559       89.3956    335.0166      350.5290       36.3641       33.8384       89.7777    438.0000      394.5000        6.2017        5.2035      -90.0000    533.5000      406.0000       13.2563       12.0719       82.6436    556.5000      468.5000        6.3246        6.3246      -90.0000
  1.801802    175.6727      288.5454        8.8275        7.9247      -58.4528    214.2658      438.4032       24.5709       23.0142       86.2704    334.9762      349.4453       36.5165       33.7708       88.4720    438.0000      393.5000        6.2017        5.2035      -90.0000    533.4400      405.2480       13.4251       11.8446       67.2268    556.6470      468.1765        7.0284        6.1255      -87.9952
  1.835169    175.6071      287.5893        9.0158        7.8996      -52.0932    214.0600      437.2711       24.6427       23.2467       87.2326    334.8592      348.3592       36.4373       33.7750      -87.3505    438.0000      392.5000        6.2017        5.2035      -90.0000    533.6097      404.8130       13.2036       11.8405       79.0307    556.5000      467.5000        6.3246        6.3246      -90.0000
  1.868535    175.5439      286.7895        9.1438        7.9252      -70.3439    213.8610      436.3229       24.6282       23.0588      -89.8906    334.7835      347.1330       36.5148       33.8363      -89.0214    438.0000      391.5000        6.2017        5.2035      -90.0000    533.5200      404.0480       13.1201       12.1014       85.7370    556.6389      467.0000        7.4237        6.1212      -90.0000
  1.901902    175.5439      285.7895        9.1438        7.9252      -70.3439    213.6136      435.4523       24.7706       22.6288      -89.1972    334.7657      346.1311       36.5182       33.7957      -88.2680    438.0000      390.5000        6.2017        5.2035      -90.0000    533.5000      403.5000       13.8131       11.7771       71.4001    556.7419      466.5807        6.5906        5.9818       65.2060
  1.935269    175.4138      284.8965        9.0745        8.0848      -76.9758    213.4864      434.3841       24.6501       22.7367       87.8194    334.7816      345.0518       36.3402       33.8533      -87.7465    437.9259      389.4074        6.4215        5.2654       77.5084    533.5806      402.8548       13.2516       11.8954       83.3389    556.6111      466.0278        7.2718        6.2734       89.2676
  1.968635    175.2931      283.9828        9.1748        8.0320      -76.0233    213.4099      433.3874       24.6399       22.9508       87.4668    334.6466      343.7443       36.2544       33.7972      -87.6114    437.8462      388.3462        6.3715        5.1620       86.4917    533.4355      402.2097       13.2283       11.9184       74.7764    556.8125      465.5000        6.6332        6.1998      -90.0000
  2.002002    175.2931      282.9828        9.1748        8.0320      -76.0233    213.2585      432.3764       24.7137       22.7200       85.9843    334.5129      342.6497       36.1530       33.9889       89.3029    437.8000      387.2400        6.1321        5.1726      -83.8676    533.5308      401.5000       14.0668       11.7467       73.5019    556.8485      464.9091        7.4143        5.6393       83.2903
  2.035369    175.3167      282.0833        9.3183        8.1968      -74.8494    213.2394      431.3266       24.7858       22.9671       83.7624    334.4964      341.6629       36.3087       33.9187      -88.6203    437.8462      386.3462        6.3715        5.1620       86.4917    533.5806      400.9516       13.3087       11.8442       77.6861    557.0000      464.6129        7.1610        5.5649      -90.0000
  2.068736    175.2542      281.0508        9.3875        7.9842      -72.5137    213.0824      430.2584       24.6514       23.1895       85.6499    334.5072      340.6113       36.4437       33.8967      -87.8574    437.8462      385.3462        6.3715        5.1620       86.4917    533.5159      400.2302       13.2907       12.0566       71.5244    557.0000      464.0000        7.3265        5.2793      -90.0000
  2.102102    175.0156      280.1406        9.4068        8.6424      -57.1723    212.9289      429.2733       24.6587       23.2396      -88.1329    334.3781      339.3771       36.3543       33.9154      -85.4495    437.8000      384.2400        6.1321        5.1726      -83.8676    533.5403      399.7016       13.2604       11.8921       66.9818    557.0000      463.5000        6.8313        5.6569      -90.0000
  2.135469    174.8475      279.2373        9.3356        8.0831      -76.0156    212.6264      428.2825       24.7909       22.5556      -85.7686    334.3206      338.3071       36.3281       33.9048      -88.4496    437.8000      383.2400        6.1321        5.1726      -83.8676    533.5806      398.9516       13.3087       11.8442       77.6861    557.0000      463.0000        7.3265        5.2793      -90.0000
  2.168836    174.7458      278.3559        9.3713        8.0485      -76.9730    212.5169      427.2674       24.9042       22.7640      -89.1415    334.1263      337.2257       36.4541       33.7568       88.4887    437.8000      382.2400        6.1321        5.1726      -83.8676    533.5000      398.2936       13.4954       11.8797       69.3606    557.0000      462.3871        7.1610        5.5649      -90.0000
  2.202202    174.7458      277.3559        9.3713        8.0485      -76.9730    212.5147      426.3725       24.6580       22.8937       86.8591    334.1252      336.1615       36.4909       33.7218       87.6571    437.5484      381.0968        6.7968        5.7868       79.6429    533.6229      397.7623       13.0961       11.8406       75.1705    557.2647      462.0000        7.0627        6.0825      -90.0000
  2.235569    174.6230      276.3770        9.3954        8.2916      -70.5932    212.3371      425.2854       24.8464       22.8113       87.5077    334.0705      335.0664       36.4395       33.6993       89.1365    437.5185      379.8889        6.1074        5.5758       -8.0005    533.6240      396.9760       13.3431       11.9054       73.8265    557.1714      461.2000        7.4581        6.0055       87.5864
  2.268936    174.5439      275.5614        8.9545        8.0789      -48.1847    212.2212      424.2731       24.7116       22.8265       83.9223    334.0643      333.8942       36.4974       33.6447      -87.5998    437.5517      378.6897        6.2588        5.8665      -55.3048    533.5317      396.3254       13.3644       11.9920       65.5685    557.3611      461.0000        7.4237        6.1212      -90.0000
  2.302302    174.5167      274.7833        9.4251        8.0671      -65.8239    212.1489      423.1867       24.8131       23.0902       82.0878    333.9722      332.8642       36.5881       33.8438      -87.1570    437.5926      377.7408        6.0257        5.6795       56.4770    533.6229      395.7623       13.0961       11.8406       75.1705    557.3143      460.1714        7.4465        5.9413       71.7433
  2.335669    174.5424      273.7119        9.2110        8.1326      -64.5277    212.0334      422.1448       24.7532       23.1040       86.3731    333.9566      331.6060       36.3349       33.9050      -88.2016    437.5000      376.7857        6.0000        5.8902       -0.0000    533.6240      394.9760       13.3431       11.9054       73.8265    557.4324      460.0540        7.4571        6.2516       82.2054
  2.369036    174.4576      272.8305        9.2863        8.0499      -71.8255    211.9283      421.1166       24.7051       22.9879      -88.5872    333.9133      330.5067       36.3168       33.9796      -89.5944    437.5357      375.6429        6.3672        5.5779       58.4489    533.4688      394.2969       13.4749       12.0935       66.2428    557.3889      459.1389        7.3450        6.1635       72.9706
  2.402403    174.4000      271.8833        9.4570        8.0532      -66.0452    211.7870      420.1480       24.6891       23.0202       87.2838    333.8438      329.4002       36.3185       33.9070      -87.7946    437.5000      374.6000        6.3330        6.0000      -90.0000    533.6855      393.8387       13.3108       11.8397       70.3747    557.5000      459.0000        7.4551        6.4072      -90.0000
  2.435769    174.4000      270.8833        9.4570        8.0532      -66.0452    211.5781      419.1406       25.1581       22.6914       85.3229    333.8083      328.3492       36.3512       33.8098      -85.7143    437.5862      373.5517        6.3970        5.7553       74.5900    533.6800      393.0640       13.3137       11.9406       71.4885    557.5000      458.2941        6.9641        6.1549      -90.0000
  2.469136    174.3167      270.0167        9.4542        8.0463      -66.9226    211.4978      418.1044       25.2074       22.7368       85.2382    333.7441      327.1342       36.3726       33.9267      -85.1754    437.5000      372.6000        6.3330        6.0000      -90.0000    533.6063      392.7008       13.4526       12.0182       85.4287    557.5676      457.9460        7.4571        6.2516       82.2054
  2.502503    174.3443      269.0820        9.5123        8.1202      -72.5870    211.4122      417.0293       24.9200       22.6921       88.4100    333.7648      326.0570       36.3027       33.8586      -87.9648    437.5000      371.6000        6.3330        6.0000      -90.0000    533.6270      391.9048       13.3418       12.0030       74.5719    557.7143      457.2571        7.2117        6.1989       78.9868
  2.535869    174.2833      268.1167        9.4684        8.0362      -78.0899    211.3318      416.1515       25.0018       22.8778      -88.5425    333.8017      325.0754       36.3793       33.8872      -88.5038    437.4138      370.5517        6.3970        5.7553      -74.5900    533.6614      391.0866       13.5358       11.9432       66.2516    557.6857      456.9143        7.2662        6.0772       81.5284
  2.569236    174.0794      267.1587        9.4656        8.4661      -61.1980    211.1397      415.2129       24.8751       23.0885       83.5994    333.7423      323.9682       36.5206       33.9634       86.9866    437.5000      369.5000        6.3246        6.3246      -90.0000    533.6614      390.6772       13.3590       12.1079       78.0782    557.7143      456.2571        7.2117        6.1989       78.9868
  2.602603    174.0484      266.2258        9.2509        8.5319      -59.4757    211.0425      414.1320       24.7196       23.0303       89.3518    333.5262      322.7646       36.5821       33.8789       89.0427    437.3667      368.6333        6.4910        5.7935       45.0000    533.6270      389.9048       13.3418       12.0030       74.5719    557.6857      455.9143        7.2662        6.0772       81.5284
  2.635969    174.0625      265.2500        9.6418        8.4542      -51.1288    210.9351      413.0895       24.7851       22.9677      -87.7905    333.5283      321.6045       36.4310       33.9456      -87.4374    437.0741      367.5926        6.4215        5.2654       77.5084    533.6614      389.0866       13.5358       11.9432       66.2516    557.7143      455.3429        7.2226        6.2304      -84.9278
  2.669336    173.8136      264.3729        9.4098        8.0378      -65.9045    210.6138      412.0781       25.1080       22.7383       87.2432    333.4974      320.5757       36.5433       33.8442      -88.0402    437.0741      366.5926        6.4215        5.2654       77.5084    533.6589      388.5736       13.6504       12.0476       80.6493    557.6111      454.8611        7.3450        6.1635       72.9706
  2.702703    173.6833      263.4000        9.4733        8.1133      -70.3542    210.4944      411.0224       25.0536       22.7235       89.7779    333.4588      319.3701       36.3535       33.9811      -88.8403    437.0741      365.5926        6.4215        5.2654       77.5084    533.7064      387.9286       13.5195       11.8462       71.1161    557.9688      454.2813        7.4393        5.5115       86.2240
  2.736070    173.6667      262.6316        8.9371        8.1286      -51.2245    210.4228      409.9463       25.1398       22.6409      -89.9682    333.3430      318.2541       36.2720       33.9883       87.8162    437.0741      364.5926        6.4215        5.2654       77.5084    533.6406      387.1328       13.5754       12.0098       69.9719    558.0000      453.8182        7.6565        5.4828      -90.0000
  2.769436    173.6610      261.7797        9.2169        8.1361      -66.3578    210.4067      409.0645       25.2639       22.6968      -89.6559    333.1484      317.0700       36.0252       33.8468       85.8630    437.0000      363.5000        6.2017        5.2035      -90.0000    533.6640      386.7840       13.0499       12.1779       72.6460    558.1714      453.2000        7.4581        6.0055       87.5864
  2.802803    173.5738      260.8197        9.3536        8.2642      -67.6997    210.2106      408.0776       25.0266       22.9470       87.2529    333.0865      316.0063       36.0041       33.9369       87.7929    437.0741      362.4074        6.4215        5.2654      -77.5084    533.6772      385.9685       13.5310       11.9335       74.3848    558.2500      452.8333        7.3956        6.2071       87.6345
  2.836170    173.5161      259.8710        9.5394        8.2513      -61.9316    210.0355      407.0687       25.0537       22.9368      -89.7579    333.0372      315.0165       36.4304       33.8501      -89.7253    437.0000      361.3214        6.5075        5.4511      -90.0000    533.5191      385.1985       13.4452       12.3929       73.8422    558.1714      452.2000        7.4581        6.0055       87.5864
  2.869536    173.4000      258.8833        9.4570        8.0532      -66.0452    209.9224      406.0576       25.1040       22.8868       87.5323    333.0010      313.9579       36.7138       33.7611      -86.6921    436.9259      360.4074        6.4215        5.2654       77.5084    533.7280      384.8160       13.2617       11.9814       71.5672    558.2973      451.9189        7.6075        6.1916       81.1185
  2.902903    173.3871      258.0161        9.7310        8.0765      -69.5422    209.6161      404.9397       25.0882       22.7656      -89.3673    332.9557      312.8713       36.5939       33.8011      -87.7332    436.9259      359.4074        6.4215        5.2654       77.5084    533.6588      384.0159       13.4664       11.8949       70.7520    558.2500      451.2500        7.4807        6.1675       80.2209
  2.936270    173.3443      257.0820        9.5123        8.1202      -72.5870    209.4629      403.9214       25.1242       22.5534       88.7356    332.9181      311.7779       36.8092       33.8071      -89.8992    436.9259      358.4074        6.4215        5.2654       77.5084    533.5298      383.3507       13.8769       12.2810       78.3581    558.2500      450.8333        7.3956        6.2071       87.6345
  2.969636    173.2833      256.1167        9.4684        8.0362      -78.0899    209.4228      402.9463       25.1398       22.6409      -89.9682    332.8744      310.5592       36.6155       33.7821       89.8191    436.8846      357.3077        6.1661        5.3441       82.7559    533.6720      382.8880       13.3939       11.8576       73.9761    558.3889      450.1389        7.3450        6.1635       72.9706
  3.003003    173.2833      255.1167        9.4684        8.0362      -78.0899    209.3836      401.9246       25.1094       22.8803       85.3037    332.8371      309.3990       36.3506       33.9840      -87.4760    436.8333      356.1250        5.8110        5.2476       86.9286    533.6588      382.0159       13.4664       11.8949       70.7520    558.4324      450.0540        7.4571        6.2516       82.2054
  3.036370    173.0769      254.1692        9.8052        8.4370      -50.2628    209.1926      401.0000       25.1622       23.1347      -90.0000    332.7482      308.2745       36.3716       33.9308      -87.6983    436.8462      354.6538        6.3715        5.1620      -86.4917    533.5846      381.5077       13.8256       11.9537       68.9521    558.4286      449.2286        7.0759        6.2416       76.3560
  3.069737    173.0313      253.2188        9.6969        8.4077      -58.7114    209.0000      400.0530       25.0955       22.9990      -90.0000    332.6869      307.1133       36.3690       34.0013      -85.2034    436.8000      353.7600        6.1321        5.1726       83.8676    533.6720      380.8880       13.3939       11.8576       73.9761    558.5000      449.0000        7.4551        6.4072      -90.0000
  3.103103    172.8000      252.3000        9.5295        8.0607      -71.3167    208.9249      399.0066       25.2349       22.8688       87.8604    332.6363      306.0197       36.1176       34.0321      -86.2288    436.8333      352.8750        5.8110        5.2476      -86.9286    533.5420      380.1756       13.5535       12.2939       77.2128    558.5000      448.3055        7.3389        6.2345       66.0813
  3.136470    172.8000      251.3000        9.5295        8.0607      -71.3167    208.6510      397.8926       25.2053       22.6001       83.6874    332.5609      304.9762       36.2023       34.0580      -88.5782    436.7778      352.0000        6.7987        5.0283      -90.0000    533.5427      379.4806       13.7613       11.9191       71.9513    558.5000      448.0000        7.4551        6.4072      -90.0000
  3.169837    172.6230      250.3770        9.3954        8.2916      -70.5932    208.4674      396.9214       25.1430       22.5469       88.0623    332.4392      303.8113       36.3333       34.0018      -88.9588    436.5926      350.7408        6.0257        5.6795       56.4770    533.6429      378.9286       13.4181       11.9333       77.6809    558.6389      447.3055        7.1703        6.4036       87.6182
  3.203203    172.6230      249.5082        9.8892        7.8465      -73.1531    208.4375      395.9777       25.2466       22.6014       88.9590    332.4130      302.7899       36.4468       33.9356      -88.6066    436.5926      349.7408        6.0257        5.6795       56.4770    533.6047      378.2015       13.4482       12.1972       76.8565    558.5000      447.0000        7.4551        6.4072      -90.0000
  3.236570    172.5645      248.4839        9.8114        8.0275      -73.8555    208.4261      394.9735       25.2660       22.8345       87.9545    332.3241      301.7469       36.5314       33.9020      -89.9426    436.5926      348.7408        6.0257        5.6795       56.4770    533.4806      377.4496       13.9743       11.7318       71.1479    558.6389      446.3055        7.1703        6.4036       87.6182
  3.269937    172.5397      247.5556       10.0215        7.9643      -73.3991    208.2478      393.8728       25.2462       23.0138       89.3772    332.2079      300.6980       36.6610       33.6103       89.0283    436.4074      347.7408        6.0257        5.6795      -56.4770    533.6429      376.9286       13.4181       11.9333       77.6809    558.6111      445.8611        7.3450        6.1635       72.9706
  3.303303    172.4590      246.8361        9.6167        8.0479      -61.3938    208.0443      392.9024       25.1039       22.8915       86.9900    332.1178      299.3709       36.5399       33.7534       87.9350    436.3571      346.6429        6.1630        5.7762       85.9349    533.5940      376.3083       14.0309       12.0450       78.8534    558.6389      445.3055        7.1703        6.4036       87.6182